-0.3566 0.2487 0.9006 1.1194
-0.0915 -0.9686 0.2312 0.1590
0.9298 0.0000 0.3681 0.2052
0.0000 0.0000 0.0000 1.0000
-0.1567 0.9048 0.3959 0.7723
-0.3331 -0.4258 0.8413 0.5786
0.9298 0.0000 0.3681 0.2052
0.0000 0.0000 0.0000 1.0000
0.1138 0.9511 -0.2873 0.3024
-0.3501 0.3090 0.8843 0.6082
0.9298 0.0000 0.3681 0.2052
0.0000 0.0000 0.0000 1.0000
-0.2563 0.9391 -0.2291 0.3712
0.1411 0.2708 0.9522 0.5595
0.9563 0.2117 -0.2019 0.0339
0.0000 0.0000 0.0000 1.0000
-0.2477 0.8876 -0.3884 0.2680
0.5379 0.4594 0.7068 0.5182
0.8058 -0.0339 -0.5912 -0.2992
0.0000 0.0000 0.0000 1.0000
-0.2700 0.8868 -0.3751 0.2538
0.6331 0.4570 0.6248 0.5066
0.7255 -0.0687 -0.6848 -0.4673
0.0000 0.0000 0.0000 1.0000
-0.4286 0.7996 -0.4206 0.2643
0.0344 0.4797 0.8768 0.7559
0.9029 0.3613 -0.2331 -0.4912
0.0000 0.0000 0.0000 1.0000
0.2648 0.9415 0.2084 0.2920
-0.6262 0.0035 0.7796 0.9649
0.7333 -0.3369 0.5906 -0.0398
0.0000 0.0000 0.0000 1.0000
-0.2301 0.8870 0.4003 0.7375
-0.7398 -0.4266 0.5202 0.7115
0.6322 -0.1764 0.7544 0.1974
0.0000 0.0000 0.0000 1.0000
-0.6077 0.3506 0.7126 1.0293
-0.3265 -0.9282 0.1783 0.3920
0.7240 -0.1243 0.6785 0.1264
0.0000 0.0000 0.0000 1.0000
-0.6852 -0.0157 0.7282 1.1013
-0.0799 -0.9921 -0.0966 -0.0145
0.7240 -0.1243 0.6785 0.1264
0.0000 0.0000 0.0000 1.0000
