-0.2312 0.3681 0.9006 1.1000
-0.0915 -0.9298 0.3566 0.2375
0.9686 0.0000 0.2487 0.1873
0.0000 0.0000 0.0000 1.0000
-0.3217 0.5579 0.7650 1.0213
0.0993 -0.7836 0.6133 0.3767
0.9416 0.2733 0.1967 0.2204
0.0000 0.0000 0.0000 1.0000
-0.2012 0.9339 0.2955 0.7085
0.0118 -0.2993 0.9541 0.6037
0.9795 0.1954 0.0492 0.1221
0.0000 0.0000 0.0000 1.0000
-0.0790 0.9804 -0.1806 0.3913
0.0043 0.1815 0.9834 0.6232
0.9969 0.0769 -0.0185 0.0770
0.0000 0.0000 0.0000 1.0000
-0.0632 0.9906 -0.1212 0.4271
0.4850 0.1366 0.8638 0.4876
0.8722 -0.0041 -0.4891 -0.2060
0.0000 0.0000 0.0000 1.0000
-0.3786 0.8842 -0.2735 0.3239
0.5889 0.4581 0.6659 0.5274
0.7141 0.0910 -0.6941 -0.2547
0.0000 0.0000 0.0000 1.0000
-0.1802 0.8691 -0.4607 0.1946
0.6675 0.4521 0.5917 0.4762
0.7225 -0.2009 -0.6615 -0.3812
0.0000 0.0000 0.0000 1.0000
0.1841 0.8691 -0.4592 0.1948
0.0815 0.4521 0.8883 0.5207
0.9795 -0.2009 0.0124 -0.2802
0.0000 0.0000 0.0000 1.0000
0.4740 0.8435 -0.2528 0.1587
-0.7043 0.5355 0.4660 0.6760
0.5284 -0.0428 0.8479 0.2595
0.0000 0.0000 0.0000 1.0000
-0.0758 0.9504 0.3017 0.6639
-0.3351 -0.3093 0.8900 0.7928
0.9391 -0.0336 0.3419 0.1656
0.0000 0.0000 0.0000 1.0000
-0.2820 0.4814 0.8299 1.0578
-0.1722 -0.8764 0.4498 0.3709
0.9438 -0.0161 0.3301 0.1574
0.0000 0.0000 0.0000 1.0000
-0.3243 0.1252 0.9376 1.1358
-0.0461 -0.9921 0.1165 0.0801
0.9448 -0.0055 0.3275 0.1557
0.0000 0.0000 0.0000 1.0000
