-0.1859 0.1253 0.9745 1.1422
-0.0235 -0.9921 0.1231 0.0811
0.9823 0.0000 0.1874 0.1781
0.0000 0.0000 0.0000 1.0000
-0.1366 0.6845 0.7161 0.9719
-0.1283 -0.7290 0.6724 0.4431
0.9823 0.0000 0.1874 0.1781
0.0000 0.0000 0.0000 1.0000
0.0235 0.9921 -0.1231 0.4100
-0.1859 0.1253 0.9745 0.7359
0.9823 0.0000 0.1874 0.1781
0.0000 0.0000 0.0000 1.0000
-0.3953 0.8880 -0.2350 0.3246
0.2849 0.3617 0.8877 0.7486
0.8733 0.2839 -0.3960 -0.0613
0.0000 0.0000 0.0000 1.0000
-0.3914 0.8717 -0.2949 0.2664
0.7105 0.4900 0.5051 0.5231
0.5848 -0.0118 -0.8111 -0.4875
0.0000 0.0000 0.0000 1.0000
0.0580 0.9696 -0.2377 0.2461
-0.1238 0.2433 0.9620 0.8390
0.9906 -0.0263 0.1341 -0.2183
0.0000 0.0000 0.0000 1.0000
-0.2221 0.7604 0.6103 0.8219
-0.3899 -0.6430 0.6592 0.7104
0.8937 -0.0915 0.4392 -0.0241
0.0000 0.0000 0.0000 1.0000
-0.4076 0.2448 0.8798 1.0813
-0.1320 -0.9691 0.2085 0.2144
0.9036 -0.0312 0.4273 -0.0336
0.0000 0.0000 0.0000 1.0000
-0.7242 0.4826 0.4927 0.9663
0.4240 -0.2519 0.8699 0.3901
0.5439 0.8388 -0.0222 0.1193
0.0000 0.0000 0.0000 1.0000
-0.4987 -0.5824 0.6420 0.7485
-0.0193 0.7480 0.6635 -0.0627
-0.8666 0.3185 -0.3843 -0.0378
0.0000 0.0000 0.0000 1.0000
-0.9707 -0.0395 0.2369 0.3625
-0.0140 0.9940 0.1084 -0.2229
-0.2398 0.1019 -0.9655 -0.1259
0.0000 0.0000 0.0000 1.0000
-0.5320 -0.4113 0.7402 0.8104
-0.5056 0.8555 0.1120 -0.0847
-0.6792 -0.3146 -0.6630 0.0734
0.0000 0.0000 0.0000 1.0000
-0.5112 -0.3480 0.7859 0.9912
-0.4734 0.8771 0.0805 -0.1341
-0.7173 -0.3309 -0.6131 -0.2601
0.0000 0.0000 0.0000 1.0000
0.1776 -0.1278 0.9758 1.1364
0.8475 0.5238 -0.0857 -0.1384
-0.5002 0.8422 0.2013 0.1881
0.0000 0.0000 0.0000 1.0000
