-0.2873 0.3681 0.8843 1.0975
-0.0538 -0.9279 0.3688 0.2390
0.9563 0.0584 0.2864 0.1814
0.0000 0.0000 0.0000 1.0000
-0.1970 0.7705 0.6062 0.9096
-0.1779 -0.6362 0.7508 0.4971
0.9641 0.0400 0.2624 0.1652
0.0000 0.0000 0.0000 1.0000
-0.1465 0.9045 0.4005 0.7574
-0.2213 -0.4246 0.8779 0.7077
0.9641 0.0400 0.2624 0.1652
0.0000 0.0000 0.0000 1.0000
-0.1287 0.9295 0.3457 0.7204
-0.2290 -0.3670 0.9016 0.7237
0.9649 0.0369 0.2601 0.1636
0.0000 0.0000 0.0000 1.0000
-0.0835 0.9818 0.1706 0.5720
-0.2491 -0.1863 0.9504 0.8459
0.9649 0.0369 0.2601 0.1636
0.0000 0.0000 0.0000 1.0000
0.0322 0.9821 -0.1857 0.3313
-0.2490 0.1878 0.9501 0.8457
0.9680 0.0156 0.2506 0.1572
0.0000 0.0000 0.0000 1.0000
0.0698 0.9510 -0.3014 0.2531
-0.2393 0.3092 0.9204 0.8256
0.9684 0.0079 0.2492 0.1562
0.0000 0.0000 0.0000 1.0000
-0.3000 0.8625 -0.4076 0.2007
-0.4133 0.2676 0.8704 0.8009
0.8598 0.4295 0.2762 0.4028
0.0000 0.0000 0.0000 1.0000
-0.2221 0.7291 -0.6474 0.0387
-0.3733 0.5498 0.7473 0.7177
0.9007 0.4076 0.1501 0.3176
0.0000 0.0000 0.0000 1.0000
-0.4827 0.7955 -0.3663 0.2548
0.2478 0.5253 0.8140 0.6635
0.8400 0.3022 -0.4507 -0.0488
0.0000 0.0000 0.0000 1.0000
-0.5206 0.6830 -0.5124 0.1259
0.1530 0.6650 0.7310 0.6995
0.8400 0.3022 -0.4507 -0.0488
0.0000 0.0000 0.0000 1.0000
-0.6161 0.6196 -0.4864 0.1207
0.2322 0.7329 0.6395 0.6738
0.7527 0.2811 -0.5954 -0.1258
0.0000 0.0000 0.0000 1.0000
-0.4362 0.6489 -0.6235 0.0390
0.4011 0.7604 0.5108 0.5971
0.8055 -0.0273 -0.5920 -0.2821
0.0000 0.0000 0.0000 1.0000
-0.4830 0.5484 -0.6826 -0.0361
0.3433 0.8357 0.4286 0.5973
0.8055 -0.0273 -0.5920 -0.2821
0.0000 0.0000 0.0000 1.0000
-0.0583 0.5262 -0.8484 -0.1193
0.0409 0.8504 0.5246 0.6500
0.9975 -0.0041 -0.0711 -0.1433
0.0000 0.0000 0.0000 1.0000
0.2769 0.4885 -0.8275 -0.2150
-0.2260 0.8701 0.4381 0.6887
0.9340 0.0657 0.3513 0.1030
0.0000 0.0000 0.0000 1.0000
0.4964 0.4768 -0.7254 -0.2303
-0.3822 0.8703 0.3105 0.6702
0.7794 0.1231 0.6143 0.2931
0.0000 0.0000 0.0000 1.0000
0.5893 0.4805 -0.6495 -0.2174
-0.2700 0.8748 0.4023 0.6859
0.7615 -0.0617 0.6452 0.2213
0.0000 0.0000 0.0000 1.0000
0.3026 0.9037 -0.3030 0.0595
-0.5391 0.4244 0.7275 0.9457
0.7860 -0.0568 0.6156 0.1976
0.0000 0.0000 0.0000 1.0000
-0.0484 0.9914 0.1213 0.3984
-0.5943 -0.1261 0.7943 0.9991
0.8028 -0.0336 0.5953 0.1814
0.0000 0.0000 0.0000 1.0000
-0.1589 0.9502 0.2680 0.5786
-0.5747 -0.3097 0.7575 0.9067
0.8028 -0.0336 0.5953 0.1814
0.0000 0.0000 0.0000 1.0000
-0.3287 0.8080 0.4889 0.8304
-0.4975 -0.5882 0.6376 0.6835
0.8028 -0.0336 0.5953 0.1814
0.0000 0.0000 0.0000 1.0000
-0.4421 0.6364 0.6321 0.9743
-0.4001 -0.7706 0.4960 0.4556
0.8028 -0.0336 0.5953 0.1814
0.0000 0.0000 0.0000 1.0000