-0.1859 0.1253 0.9745 1.1422
0.0998 -0.9843 0.1456 0.0840
0.9775 0.1243 0.1705 0.1677
0.0000 0.0000 0.0000 1.0000
-0.0579 0.9511 0.3035 0.7000
-0.0537 -0.3066 0.9503 0.6143
0.9969 0.0387 0.0688 0.1007
0.0000 0.0000 0.0000 1.0000
0.0488 0.9052 -0.4222 0.2090
-0.0489 0.4243 0.9042 0.7086
0.9976 -0.0235 0.0650 0.0982
0.0000 0.0000 0.0000 1.0000
-0.4407 0.8319 -0.3371 0.3096
0.5840 0.5509 0.5962 0.5006
0.6817 0.0658 -0.7287 -0.3714
0.0000 0.0000 0.0000 1.0000
-0.5592 0.7547 -0.3431 0.2945
0.5358 0.6448 0.5451 0.5311
0.6327 0.1210 -0.7649 -0.5150
0.0000 0.0000 0.0000 1.0000
-0.1820 0.9230 -0.3391 0.2818
-0.1734 0.3093 0.9350 0.7895
0.9679 0.2290 0.1038 -0.3697
0.0000 0.0000 0.0000 1.0000
0.2161 0.9491 0.2292 0.3512
-0.7746 0.0237 0.6320 0.9166
0.5943 -0.3141 0.7403 0.0540
0.0000 0.0000 0.0000 1.0000
-0.3638 0.7647 0.5318 0.8592
-0.7369 -0.5855 0.3378 0.4827
0.5698 -0.2690 0.7765 0.1096
0.0000 0.0000 0.0000 1.0000
-0.6801 -0.0296 0.7325 1.0766
-0.0574 -0.9940 -0.0934 0.0156
0.7309 -0.1055 0.6743 -0.0011
0.0000 0.0000 0.0000 1.0000
-0.4631 0.8022 0.3769 0.8510
-0.7431 -0.5832 0.3281 0.4822
0.4830 -0.1281 0.8662 0.2767
0.0000 0.0000 0.0000 1.0000
0.3290 0.9433 -0.0439 0.1101
-0.8115 0.3062 0.4977 0.9719
0.4830 -0.1281 0.8662 0.2767
0.0000 0.0000 0.0000 1.0000
-0.2975 0.6206 -0.7255 0.0855
0.0296 0.7656 0.6427 0.6708
0.9543 0.1697 -0.2461 -0.4494
0.0000 0.0000 0.0000 1.0000
-0.1934 0.6068 -0.7709 -0.1010
-0.3211 0.7033 0.6342 0.8389
0.9271 0.3702 0.0589 -0.4173
0.0000 0.0000 0.0000 1.0000
0.3985 0.9020 -0.1659 -0.1173
-0.6939 0.4148 0.5886 1.0098
0.5997 -0.1194 0.7912 0.1028
0.0000 0.0000 0.0000 1.0000
-0.2806 0.8946 0.3477 0.7033
-0.7494 -0.4306 0.5030 0.7341
0.5997 -0.1194 0.7912 0.1028
0.0000 0.0000 0.0000 1.0000
-0.7553 0.1852 0.6287 1.0668
-0.1576 -0.9824 0.1001 0.1390
0.6361 -0.0235 0.7712 0.0790
0.0000 0.0000 0.0000 1.0000
