# Vector q:
0.000000 0.000000 0.486727 -0.752210 0.000000 0.000000 1
# Matriz T:
-0.000000 0.683254 0.730180 0.974617
-0.467735 -0.645383 0.603907 0.392540
0.883869 -0.341531 0.319582 0.357728
0.000000 0.000000 0.000000 1.000000
# Vector q:
0.000000 0.575219 0.486727 -2.168139 0.000000 0.000000 1
# Matriz T:
-0.480841 0.550655 -0.682328 -0.023976
-0.467735 0.497129 0.730812 0.475028
0.741630 0.670553 0.018521 0.434048
0.000000 0.000000 0.000000 1.000000
# Vector q:
0.000000 0.575219 -0.663718 -2.168139 0.000000 0.000000 1
# Matriz T:
-0.428528 0.882274 -0.194827 0.292899
0.616050 0.443044 0.651303 0.423347
0.660944 0.159078 -0.733381 -0.054688
0.000000 0.000000 0.000000 1.000000
# Vector q:
0.398228 -0.132745 -0.663718 -1.725664 0.309736 0.000000 1
# Matriz T:
0.021582 0.843995 -0.535916 0.117937
0.388260 0.486893 0.782426 0.622975
0.921297 -0.224961 -0.317182 -0.255208
0.000000 0.000000 0.000000 1.000000
# Vector q:
0.890118 -0.523892 -0.663718 -1.106192 0.309736 0.000000 0
# Matriz T:
-0.074552 0.848346 -0.524168 -0.044418
0.499187 0.486781 0.716838 0.709268
0.863281 -0.208216 -0.459774 -0.519608
0.000000 0.000000 0.000000 1.000000
# Vector q:
0.890118 -0.523892 -0.663718 -1.106192 1.063718 0.000000 0
# Matriz T:
0.304471 0.848346 -0.433136 -0.030763
-0.126818 0.486781 0.864269 0.731383
0.944042 -0.208216 0.255796 -0.412272
0.000000 0.000000 0.000000 1.000000
# Vector q:
0.890118 -0.084069 -0.663718 -1.106192 1.063718 0.000000 0
# Matriz T:
0.045940 0.849503 -0.525580 0.087015
-0.446077 0.488210 0.750111 0.876826
0.893815 0.199989 0.401372 -0.124993
0.000000 0.000000 0.000000 1.000000
# Vector q:
0.387465 -0.084069 -0.663718 -0.415042 1.063718 0.000000 0
# Matriz T:
-0.699539 0.688208 0.192394 0.842632
-0.262245 -0.497690 0.826760 0.627639
0.664735 0.527897 0.528632 0.025124
0.000000 0.000000 0.000000 1.000000
# Vector q:
-0.240853 -0.084069 -0.663718 -0.415042 1.063718 0.000000 0
# Matriz T:
-0.720083 0.264237 0.641607 1.050620
0.199018 -0.807158 0.555777 0.012484
0.664735 0.527897 0.528632 0.025124
0.000000 0.000000 0.000000 1.000000
# Vector q:
0.000000 -0.084069 -0.663718 0.000000 0.174533 0.000000 0
# Matriz T:
-0.107896 0.051730 0.992815 1.145391
0.606691 -0.787707 0.106976 0.016046
0.787582 0.613874 0.053607 0.074071
0.000000 0.000000 0.000000 1.000000
# Vector q:
0.000000 -0.084069 -2.964602 0.000000 0.174533 0.000000 0
# Matriz T:
-0.254437 0.014784 0.966976 1.141515
0.173394 0.984378 0.030574 0.004586
-0.951418 0.175447 -0.253026 0.028076
0.000000 0.000000 0.000000 1.000000
# Vector q:
0.000000 -0.084069 -2.964602 0.628319 0.174533 0.000000 0
# Matriz T:
-0.222900 -0.573748 0.788117 1.023877
0.072920 0.796378 0.600387 0.379359
-0.972110 0.191296 -0.135675 0.105260
0.000000 0.000000 0.000000 1.000000
# Vector q:
0.000000 -0.084069 -2.522121 0.000000 0.174533 0.000000 1
# Matriz T:
-0.240363 0.048753 0.969458 1.141887
0.571784 0.814185 0.100821 0.015123
-0.784403 0.578555 -0.223577 0.032493
0.000000 0.000000 0.000000 1.000000
# Vector q:
0.000000 0.132745 -0.044246 0.000000 0.174533 0.000000 1
# Matriz T:
-0.302337 -0.005854 0.953183 1.134180
0.043560 -0.999021 0.007681 0.001152
0.952205 0.043843 0.302297 0.327700
0.000000 0.000000 0.000000 1.000000
# Vector q:
0.000000 0.132745 -0.629204 -1.902655 0.174533 0.000000 1
# Matriz T:
-0.062094 0.962498 -0.264088 0.331341
0.446827 0.263409 0.854963 0.510436
0.892463 -0.064914 -0.446426 -0.148096
0.000000 0.000000 0.000000 1.000000
# Vector q:
1.068142 -0.507078 -0.629204 -0.217700 0.174533 0.000000 1
# Matriz T:
-0.361265 0.917157 0.168257 0.350022
0.482943 0.029679 0.875149 0.903287
0.797655 0.397419 -0.453656 -0.453499
0.000000 0.000000 0.000000 1.000000
# Vector q:
1.068142 -0.507078 -0.629204 -0.217700 0.677189 0.000000 0
# Matriz T:
-0.397637 0.917157 -0.026597 0.320794
0.001598 0.029679 0.999558 0.921949
0.917541 0.397419 -0.013267 -0.387441
0.000000 0.000000 0.000000 1.000000
# Vector q:
0.753982 -0.318583 -0.629204 -0.783186 0.677189 0.000000 0
# Matriz T:
-0.173424 0.975877 -0.132619 0.328908
-0.024017 0.130428 0.991167 0.867477
0.984554 0.175077 0.000819 -0.314632
0.000000 0.000000 0.000000 1.000000
# Vector q:
0.439823 -0.004423 -0.629204 -1.348673 0.677189 0.000000 0
# Matriz T:
-0.105818 0.958944 -0.263114 0.343568
-0.089050 0.254398 0.962991 0.760483
0.990390 0.125332 0.058474 -0.130947
0.000000 0.000000 0.000000 1.000000
# Vector q:
0.439823 -0.130087 -0.629204 0.033628 0.677189 0.000000 0
# Matriz T:
-0.691891 0.382918 0.612095 0.995691
0.200128 -0.712844 0.672163 0.511135
0.693711 0.587561 0.416578 0.092612
0.000000 0.000000 0.000000 1.000000
# Vector q:
0.000000 -0.087266 -0.629204 0.033628 0.677189 0.000000 0
# Matriz T:
-0.570032 0.017769 0.821430 1.119990
0.475674 -0.808039 0.347574 0.038545
0.669924 0.588861 0.452156 0.140548
0.000000 0.000000 0.000000 1.000000
# Vector q:
0.000000 -0.087266 -2.964602 0.033628 0.000000 0.000000 0
# Matriz T:
-0.085794 -0.018157 0.996147 1.145593
0.176068 0.983821 0.033096 0.021512
-0.980632 0.178230 -0.081209 0.053636
0.000000 0.000000 0.000000 1.000000
# Vector q:
0.000000 -0.087266 -2.964602 1.017700 0.000000 0.000000 0
# Matriz T:
-0.085794 -0.839603 0.536383 0.846746
0.176068 0.517118 0.837609 0.544446
-0.980632 0.166302 0.103462 0.173672
0.000000 0.000000 0.000000 1.000000
# Vector q:
0.000000 0.541051 -2.964602 2.168139 0.000000 0.000000 0
# Matriz T:
0.506992 -0.657731 -0.557090 0.066475
0.176068 -0.553661 0.813916 0.529046
-0.843777 -0.510735 -0.164896 0.300337
0.000000 0.000000 0.000000 1.000000
