0.2939 0.3090 -0.9045 -1.1023
-0.0955 0.9511 0.2939 0.2923
0.9511 0.0000 0.3090 0.1964
0.0000 0.0000 0.0000 1.0000
0.2115 0.7290 -0.6510 -0.9311
-0.2253 0.6845 0.6933 0.5622
0.9511 -0.0000 0.3090 0.1964
0.0000 0.0000 0.0000 1.0000
0.4848 0.5890 -0.6465 -0.9618
0.3822 0.5222 0.7624 0.5099
0.7867 -0.6167 0.0280 0.1397
0.0000 0.0000 0.0000 1.0000
0.3679 0.8846 -0.2867 -0.7186
0.3277 0.1652 0.9302 0.6233
0.8702 -0.4361 -0.2291 -0.0340
0.0000 0.0000 0.0000 1.0000
0.2961 0.9529 -0.0659 -0.5694
0.3226 -0.0348 0.9459 0.6339
0.8990 -0.3014 -0.3177 -0.0939
0.0000 0.0000 0.0000 1.0000
0.2745 0.9616 0.0020 -0.5236
0.4935 -0.1427 0.8580 0.5525
0.8253 -0.2345 -0.5137 -0.2052
0.0000 0.0000 0.0000 1.0000
0.2707 0.9610 0.0568 -0.4868
0.5889 -0.2120 0.7799 0.5202
0.7615 -0.1777 -0.6233 -0.2949
0.0000 0.0000 0.0000 1.0000
0.4404 0.8965 0.0475 -0.4872
0.6010 -0.3337 0.7263 0.5727
0.6670 -0.2913 -0.6858 -0.3194
0.0000 0.0000 0.0000 1.0000
0.2906 0.9118 0.2901 -0.2938
0.6748 -0.4102 0.6135 0.5161
0.6784 0.0175 -0.7345 -0.5079
0.0000 0.0000 0.0000 1.0000
0.2419 0.8532 0.4621 -0.2122
0.4252 -0.5213 0.7399 0.5740
0.8722 0.0175 -0.4889 -0.4711
0.0000 0.0000 0.0000 1.0000
0.1194 0.8532 0.5077 -0.2054
0.2279 -0.5213 0.8224 0.5864
0.9664 0.0175 -0.2566 -0.4363
0.0000 0.0000 0.0000 1.0000
-0.1368 0.8836 0.4478 -0.1347
-0.1192 -0.4635 0.8780 0.7462
0.9834 0.0667 0.1688 -0.2435
0.0000 0.0000 0.0000 1.0000
-0.3685 0.8941 0.2545 -0.1361
-0.5036 -0.4221 0.7538 0.8360
0.7814 0.1496 0.6058 0.0392
0.0000 0.0000 0.0000 1.0000
-0.6701 0.6215 0.4059 0.0511
-0.3843 -0.7583 0.5265 0.6836
0.6350 0.1968 0.7470 0.1618
0.0000 0.0000 0.0000 1.0000
-0.7680 0.0571 0.6379 0.4431
0.0829 -0.9788 0.1874 0.5230
0.6350 0.1968 0.7470 0.1618
0.0000 0.0000 0.0000 1.0000
-0.6596 -0.3651 0.6570 0.6236
0.4021 -0.9099 -0.1020 0.2846
0.6350 0.1968 0.7470 0.1618
0.0000 0.0000 0.0000 1.0000
-0.3843 -0.7583 0.5265 0.6836
0.6701 -0.6215 -0.4059 -0.0511
0.6350 0.1968 0.7470 0.1618
0.0000 0.0000 0.0000 1.0000
-0.6056 -0.3602 0.7096 0.8546
0.3655 -0.9180 -0.1539 0.1844
0.7068 0.1662 0.6876 0.1063
0.0000 0.0000 0.0000 1.0000
-0.3155 -0.7960 0.5166 0.8203
0.6331 -0.5821 -0.5102 -0.3023
0.7068 0.1662 0.6876 0.1063
0.0000 0.0000 0.0000 1.0000
