_____
# Vector q:
0.000000 0.523599 0.000000 -2.094395 0.174533 0.174533 1
# Matriz T:
-0.280637 0.811054 -0.513258 0.139518
-0.061275 0.518518 0.852869 0.560943
0.957856 0.270797 -0.095818 0.260627
0.000000 0.000000 0.000000 1.000000
# Vector q:
0.502655 0.272269 -0.565487 -1.968729 0.174533 0.174533 1
# Matriz T:
-0.226934 0.719725 -0.656122 0.030773
0.381205 0.685590 0.620201 0.608165
0.896205 -0.109372 -0.429947 -0.070019
0.000000 0.000000 0.000000 1.000000
# Vector q:
0.753982 -0.230386 -0.879646 -1.466074 0.363030 0.174533 1
# Matriz T:
-0.084662 0.791566 -0.605190 0.020411
0.573594 0.535358 0.619985 0.632226
0.814753 -0.294644 -0.499362 -0.424038
0.000000 0.000000 0.000000 1.000000
_____
-0.084662 0.791566 -0.605190 0.020411
0.573594 0.535358 0.619985 0.632226
0.814753 -0.294644 -0.499362 -0.424038
0.000000 0.000000 0.000000 1.000000
-0.084662 0.791566 -0.605190 0.020411
0.573594 0.535358 0.619985 0.85
0.814753 -0.294644 -0.499362 -0.424038
0.000000 0.000000 0.000000 1.000000
-0.084662 0.791566 -0.605190 0.020411
0.573594 0.535358 0.619985 0.85
0.814753 -0.294644 -0.499362 -0.25
0.000000 0.000000 0.000000 1.000000
_____
# Vector q:
1.2506    0.1623   -1.2795   -1.1786    0.6152    0.9772 1
# Matriz T:
-0.084662 0.791566 -0.605190 0.020411
0.573594 0.535358 0.619985 0.85
0.814753 -0.294644 -0.499362 -0.25
0.000000 0.000000 0.000000 1.000000
# Vector q:
0.559467 0.350771 -1.279453 -1.178615 0.615188 0.977197 1
# Matriz T:
0.163224 0.986587 0.002247 0.608860
0.410001 -0.069903 0.909402 0.674062
0.897361 -0.147515 -0.415911 -0.090527
0.000000 0.000000 0.000000 1.000000
# Vector q:
-0.068851 0.225108 -1.279453 -0.487462 0.615188 0.977197 1
# Matriz T:
-0.104829 0.601537 0.791937 1.089198
0.191416 -0.769230 0.609627 0.091954
0.975895 0.215496 -0.034506 0.136372
0.000000 0.000000 0.000000 1.000000
# Vector q:
-0.068851 0.225108 -1.279453 -0.487462 0.615188 0.977197 0
# Matriz T:
-0.104829 0.601537 0.791937 1.089198
0.191416 -0.769230 0.609627 0.091954
0.975895 0.215496 -0.034506 0.136372
0.000000 0.000000 0.000000 1.000000
# Vector q:
-0.068851 0.225108 -1.279453 -0.487462 0.615188 0.977197 0
# Matriz T:
-0.104829 0.601537 0.791937 1.089198
0.191416 -0.769230 0.609627 0.091954
0.975895 0.215496 -0.034506 0.136372
0.000000 0.000000 0.000000 1.000000

# Vector q:
-0.068851 0.172568 -1.279453 -0.424630 0.175364 -2.094395 0
# Matriz T:
-0.129070 -0.251209 0.959289 1.120936
-0.226253 0.949324 0.218158 0.024656
-0.965479 -0.188884 -0.179366 0.092802
0.000000 0.000000 0.000000 1.000000
# Vector q:
0.370972 0.172568 -1.279453 -0.424630 0.175364 -2.094395 0
# Matriz T:
-0.020452 -0.631504 0.775103 1.003755
-0.259675 0.752015 0.605841 0.499581
-0.965479 -0.188884 -0.179366 0.092802
0.000000 0.000000 0.000000 1.000000
# Vector q:
0.000000 0.523599 0.000000 -2.094395 0.175364 0.174533 0
# Matriz T:
-0.280217 0.810980 -0.513605 0.139466
-0.061973 0.518641 0.852743 0.560924
0.957934 0.270783 -0.095074 0.260739
0.000000 0.000000 0.000000 1.000000
# Vector q:
2.513274 0.397933 -0.628319 -2.094395 0.175364 0.174533 1
# Matriz T:
-0.224415 -0.951269 -0.211486 -0.503876
-0.479511 0.296724 -0.825847 -0.213850
0.848355 -0.083923 -0.522733 -0.066163
0.000000 0.000000 0.000000 1.000000
# Vector q:
2.827433 0.397933 -1.068142 -1.905897 0.175364 0.174533 1
# Matriz T:
-0.234122 -0.957031 -0.171112 -0.542667
-0.764153 0.289957 -0.576190 -0.157630
0.601046 -0.004143 -0.799203 -0.221294
0.000000 0.000000 0.000000 1.000000
# Vector q:
2.827433 0.397933 -0.942478 -1.780234 0.175364 0.174533 1
# Matriz T:
-0.149287 -0.945786 -0.288449 -0.625154
-0.694819 0.307895 -0.649944 -0.210690
0.703520 0.103392 -0.703114 -0.166747
0.000000 0.000000 0.000000 1.000000
# Vector q:
2.827433 0.397933 -1.068142 -1.717402 0.175364 0.174533 1
# Matriz T:
-0.194808 -0.916359 -0.349767 -0.660184
-0.756942 0.367235 -0.540534 -0.134176
0.623770 0.159453 -0.765171 -0.198908
0.000000 0.000000 0.000000 1.000000
# Vector q:
2.827433 0.397933 -1.193805 -1.843066 0.175364 0.174533 1
# Matriz T:
-0.279979 -0.932741 -0.227169 -0.574367
-0.811056 0.356422 -0.463844 -0.080431
0.513614 0.054380 -0.856296 -0.249569
0.000000 0.000000 0.000000 1.000000
# Vector q:
2.827433 0.397933 -1.068142 -1.968729 0.175364 0.174533 1
# Matriz T:
-0.246160 -0.962965 -0.110021 -0.502482
-0.767360 0.262974 -0.584810 -0.163301
0.592084 -0.059531 -0.803674 -0.224235
0.000000 0.000000 0.000000 1.000000
# Vector q:
2.764602 0.774924 -1.884956 -1.843066 0.175364 0.174533 1
# Matriz T:
-0.616253 -0.678919 -0.399126 -0.545865
-0.787386 0.541418 0.294769 0.396691
0.015969 0.495919 -0.868222 -0.051715
0.000000 0.000000 0.000000 1.000000
# Vector q:
2.576106 -0.230386 -2.010619 -0.712092 -0.327291 0.174533 1
# Matriz T:
-0.635479 -0.742824 -0.210661 -0.622209
-0.558031 0.253288 0.790220 0.658099
-0.533636 0.619723 -0.575478 -0.424734
0.000000 0.000000 0.000000 1.000000
_____
-0.635479 -0.742824 -0.210661 -0.622209
-0.558031 0.253288 0.790220 0.658099
-0.533636 0.619723 -0.575478 -0.424734
0.000000 0.000000 0.000000 1.000000
-0.635479 -0.742824 -0.210661 -0.622209
-0.558031 0.253288 0.790220 0.75
-0.533636 0.619723 -0.575478 -0.424734
0.000000 0.000000 0.000000 1.000000
-0.635479 -0.742824 -0.210661 -0.622209
-0.558031 0.253288 0.790220 0.75
-0.533636 0.619723 -0.575478 -0.25
0.000000 0.000000 0.000000 1.000000
_____
# Vector q:
2.4097    0.0462   -1.7803   -0.8066   -0.3164   -0.1900 1
# Matriz T:
-0.635473 -0.742829 -0.210665 -0.622210
-0.558056 0.253305 0.790197 0.75
-0.533618 0.619711 -0.575508 -0.250005
0.000000 0.000000 0.000000 1.000000
# Vector q:
2.4097    0.0462   -1.7803   -0.8066   -0.3164   -0.1900 1
# Matriz T:
-0.635473 -0.742829 -0.210665 -0.622210
-0.558056 0.253305 0.790197 0.75
-0.533618 0.619711 -0.575508 -0.250005
0.000000 0.000000 0.000000 1.000000
# Vector q:
2.186879 0.425158 -1.104478 -0.769847 -0.704879 -2.100745 1
# Matriz T:
0.452313 -0.870866 -0.192370 -0.682826
-0.348337 -0.371066 0.860797 0.782014
-0.821020 -0.322340 -0.471193 0.150451
0.000000 0.000000 0.000000 1.000000
# Vector q:
1.725664 0.676485 -1.104478 -1.460998 -1.194691 -2.100745 1
# Matriz T:
0.462901 -0.668618 0.581956 -0.243079
-0.803353 -0.038975 0.594226 0.756698
-0.374628 -0.742584 -0.555178 0.067889
0.000000 0.000000 0.000000 1.000000
# Vector q:
0.154868 0.676485 -1.104478 -1.460998 -1.194691 -2.100745 1
# Matriz T:
-0.803353 -0.038975 0.594226 0.756698
-0.462901 0.668618 -0.581956 0.243079
-0.374628 -0.742584 -0.555178 0.067889
0.000000 0.000000 0.000000 1.000000
# Vector q:
0.154868 0.425158 -1.104478 -0.895511 -1.194691 -2.100745 1
# Matriz T:
-0.760300 0.272374 0.589708 0.934815
-0.208097 0.757862 -0.618337 0.216970
-0.615336 -0.592838 -0.519523 0.089663
0.000000 0.000000 0.000000 1.000000
# Vector q:
-0.033628 0.236662 -1.104478 -0.518520 -1.194691 -2.100745 1
# Matriz T:
-0.682331 0.597745 0.420862 1.026462
0.089327 0.639559 -0.763534 -0.035464
-0.725565 -0.483389 -0.489786 0.080412
0.000000 0.000000 0.000000 1.000000
# Vector q:
-0.033628 0.236662 -1.104478 -0.518520 -1.194691 -2.100745 1
# Matriz T:
-0.682331 0.597745 0.420862 1.026462
0.089327 0.639559 -0.763534 -0.035464
-0.725565 -0.483389 -0.489786 0.080412
0.000000 0.000000 0.000000 1.000000
# Vector q:
-0.033628 0.236662 -1.104478 -0.518520 -1.194691 -2.100745 0
# Matriz T:
-0.682331 0.597745 0.420862 1.026462
0.089327 0.639559 -0.763534 -0.035464
-0.725565 -0.483389 -0.489786 0.080412
0.000000 0.000000 0.000000 1.000000
# Vector q:
-0.033628 0.236662 -1.104478 -0.518520 -1.194691 -2.100745 0
# Matriz T:
-0.682331 0.597745 0.420862 1.026462
0.089327 0.639559 -0.763534 -0.035464
-0.725565 -0.483389 -0.489786 0.080412
0.000000 0.000000 0.000000 1.000000
# Vector q:
-0.096459 0.236662 -1.104478 -0.455688 -0.126550 -2.100745 0
# Matriz T:
-0.225386 -0.010466 0.974213 1.119767
-0.090901 0.995806 -0.010333 0.003634
-0.970020 -0.090885 -0.225392 0.147621
0.000000 0.000000 0.000000 1.000000
# Vector q:
0.000000 0.000000 -1.104478 0.000000 0.174533 0.098370 0
# Matriz T:
-0.172809 0.017054 0.984808 1.147721
0.831251 -0.533820 0.155108 0.023266
0.528355 0.845426 0.078072 0.161711
0.000000 0.000000 0.000000 1.000000
# Vector q:
0.000000 0.000000 -1.104478 0.000000 0.174533 0.098370 1
# Matriz T:
-0.172809 0.017054 0.984808 1.147721
0.831251 -0.533820 0.155108 0.023266
0.528355 0.845426 0.078072 0.161711
0.000000 0.000000 0.000000 1.000000
# Vector q:
0.565487 0.000000 -1.104478 0.000000 0.174533 0.098370 1
# Matriz T:
-0.591314 0.300434 0.748390 0.956586
0.609253 -0.441581 0.658648 0.634624
0.528355 0.845426 0.078072 0.161711
0.000000 0.000000 0.000000 1.000000
# Vector q:
0.000000 0.523599 0.000000 -2.094395 0.174533 0.174533 1
# Matriz T:
-0.280637 0.811054 -0.513258 0.139518
-0.061275 0.518518 0.852869 0.560943
0.957856 0.270797 -0.095818 0.260627
0.000000 0.000000 0.000000 1.000000


